
gridstats_2012-1_2023-12_y098-195_x000-154
            min min        max max        mean mean      mean std
tmp         246.640        324.830        289.869        5.088
spfh        0.000          0.022          0.005          0.002
pres        63545.422      104796.523     87582.664      362.548
ugrd        -16.610        23.220         1.225          2.270
vgrd        -16.890        21.580         0.633          2.390
dlwrf       109.420        521.670        291.727        35.450
pevap       -0.342         1.678          0.272          0.265
apcp        0.000          95.622         0.030          0.250
dswrf       0.000          1174.487       227.958        281.796
asnow       0.000          57.826         0.002          0.020
arain       0.000          95.622         0.029          0.243
evp         -0.099         1.508          0.024          0.038
ssrun       0.000          78.904         0.002          0.030
bgrun       0.000          8.061          0.005          0.006
snom        0.000          43.244         0.002          0.013
weasd       0.000          1555.098       0.697          1.130
cnwat       0.000          0.500          0.038          0.086
soilm-10    2.000          47.600         15.992         3.525
soilm-40    6.000          142.800        55.900         6.842
soilm-100   12.000         279.000        106.687        11.723
soilm-200   20.000         451.580        185.423        17.213
tsoil-10    247.390        330.230        287.021        5.591
tsoil-40    254.660        314.860        286.611        1.921
tsoil-100   256.960        310.330        286.285        1.440
tsoil-200   259.800        306.400        285.698        1.144
evcw        0.000          489.400        1.848          7.407
trans       0.000          274.300        5.170          6.948
evbs        0.000          471.700        9.757          16.715
lai         0.060          6.000          2.961          0.197
veg         0.000          0.760          0.177          0.006
rsm-10      -0.318         1.000          0.274          0.094
rsm-40      -0.133         1.000          0.344          0.061
rsm-100     -0.358         1.000          0.321          0.052
rsm-200     -0.358         0.963          0.342          0.046
rsm-fc      -0.155         0.907          0.332          0.043
soilm-fc    52.670         858.060        364.002        32.719
windmag     0.000          26.319         3.459          1.784

gridstats_2012-1_2023-12_y000-098_x154-308
            min min        max max        mean mean      mean std
tmp         234.860        321.000        283.210        6.450
spfh        0.000          0.029          0.006          0.002
pres        64267.480      103515.859     94967.977      643.969
ugrd        -17.920        23.480         0.707          2.898
vgrd        -21.090        18.540         0.470          3.571
dlwrf       93.000         522.120        296.667        40.325
pevap       -0.716         1.610          0.189          0.205
apcp        0.000          123.890        0.079          0.524
dswrf       0.000          1069.223       179.370        222.609
asnow       0.000          112.477        0.006          0.063
arain       0.000          123.891        0.073          0.499
evp         -0.118         1.386          0.054          0.071
ssrun       0.000          91.262         0.010          0.116
bgrun       0.000          3.753          0.016          0.017
snom        0.000          36.566         0.005          0.038
weasd       0.000          386.611        3.036          3.930
cnwat       0.000          0.500          0.103          0.155
soilm-10    2.780          47.600         25.999         4.050
soilm-40    6.000          142.800        74.966         10.192
soilm-100   12.000         285.600        135.387        21.568
soilm-200   20.000         474.450        251.017        22.155
tsoil-10    240.780        319.290        281.501        4.754
tsoil-40    247.690        306.200        280.572        2.413
tsoil-100   252.550        304.010        280.413        1.839
tsoil-200   255.650        298.770        280.323        1.413
evcw        0.000          888.600        4.903          16.200
trans       0.000          575.900        20.800         28.849
evbs        0.000          391.300        10.665         15.722
lai         0.640          6.000          2.180          0.115
veg         0.000          0.990          0.350          0.033
rsm-10      -0.036         1.000          0.489          0.108
rsm-40      -0.034         1.000          0.462          0.090
rsm-100     -0.358         1.000          0.397          0.097
rsm-200     -0.193         1.000          0.466          0.059
rsm-fc      -0.145         0.917          0.446          0.064
soilm-fc    103.940        879.530        487.366        48.261
windmag     0.000          23.529         4.381          2.040

gridstats_2012-1_2023-12_y000-098_x308-462
            min min        max max        mean mean      mean std
tmp         237.530        316.920        283.447        5.439
spfh        0.000          0.026          0.007          0.002
pres        85574.359      104475.656     98177.539      661.329
ugrd        -25.610        23.990         1.392          3.156
vgrd        -21.430        23.470         0.478          3.267
dlwrf       96.270         513.980        310.983        43.008
pevap       -0.875         1.664          0.158          0.185
apcp        0.000          109.546        0.120          0.614
dswrf       0.000          1158.446       172.942        220.476
asnow       0.000          65.117         0.009          0.071
arain       0.000          109.546        0.110          0.596
evp         -0.149         1.667          0.058          0.079
ssrun       0.000          88.893         0.013          0.121
bgrun       0.000          4.215          0.049          0.038
snom        0.000          33.592         0.009          0.048
weasd       0.000          479.898        4.084          4.055
cnwat       0.000          0.500          0.143          0.178
soilm-10    2.000          47.600         28.666         3.293
soilm-40    6.000          142.800        85.693         8.726
soilm-100   12.000         285.600        160.737        13.517
soilm-200   20.000         468.000        268.182        18.685
tsoil-10    244.880        312.260        282.118        3.823
tsoil-40    254.770        301.300        280.974        1.843
tsoil-100   259.900        299.850        280.970        1.473
tsoil-200   262.630        296.920        281.117        1.196
evcw        0.000          779.800        8.825          25.735
trans       0.000          512.400        21.273         30.467
evbs        0.000          437.100        9.340          13.982
lai         0.650          6.000          3.570          0.159
veg         0.000          0.990          0.523          0.039
rsm-10      -0.020         1.000          0.564          0.086
rsm-40      -0.044         1.000          0.561          0.076
rsm-100     -0.358         1.000          0.515          0.059
rsm-200     -0.213         1.000          0.516          0.049
rsm-fc      -0.058         0.915          0.525          0.042
soilm-fc    76.910         875.910        543.281        32.486
windmag     0.000          26.686         4.384          2.107

gridstats_2012-1_2023-12_y000-098_x000-154
            min min        max max        mean mean      mean std
tmp         233.210        322.940        281.666        5.298
spfh        0.000          0.027          0.004          0.001
pres        62269.199      104446.500     85326.297      514.691
ugrd        -19.080        27.930         1.424          2.611
vgrd        -18.650        28.250         0.559          2.542
dlwrf       88.850         503.360        270.431        36.459
pevap       -0.837         1.593          0.175          0.187
apcp        0.000          119.770        0.063          0.310
dswrf       0.000          1239.976       191.256        233.092
asnow       0.000          93.710         0.012          0.087
arain       0.000          119.770        0.051          0.272
evp         -0.104         1.924          0.030          0.045
ssrun       0.000          100.312        0.010          0.060
bgrun       0.000          9.127          0.023          0.022
snom        0.000          92.400         0.015          0.067
weasd       0.000          2315.315       12.611         9.665
cnwat       0.000          0.500          0.142          0.132
soilm-10    2.000          47.600         24.962         3.976
soilm-40    6.000          142.800        73.927         9.188
soilm-100   12.000         285.600        135.181        13.996
soilm-200   20.000         476.000        234.207        16.813
tsoil-10    242.810        322.100        279.368        4.439
tsoil-40    250.110        308.710        278.705        1.912
tsoil-100   255.440        303.680        278.312        1.434
tsoil-200   257.850        299.790        277.751        1.116
evcw        0.000          790.700        3.957          12.618
trans       0.000          447.100        6.663          8.969
evbs        0.000          380.200        9.031          13.882
lai         0.060          6.000          3.128          0.126
veg         0.000          0.990          0.288          0.019
rsm-10      -0.305         1.000          0.480          0.106
rsm-40      -0.096         1.000          0.472          0.081
rsm-100     -0.358         1.000          0.416          0.062
rsm-200     -0.189         1.000          0.440          0.044
rsm-fc      -0.152         0.934          0.440          0.046
soilm-fc    76.500         884.400        468.274        34.471
windmag     0.000          28.475         3.757          1.920

gridstats_2012-1_2023-12_y098-195_x154-308
            min min        max max        mean mean      mean std
tmp         248.010        320.570        291.875        5.913
spfh        0.000          0.027          0.009          0.003
pres        64842.840      104188.641     96725.281      490.339
ugrd        -19.470        23.130         -0.293         2.357
vgrd        -17.860        22.580         1.176          3.284
dlwrf       107.480        532.070        339.797        41.430
pevap       -0.957         2.033          0.258          0.276
apcp        0.000          119.869        0.108          0.757
dswrf       0.000          1321.273       209.576        265.025
asnow       0.000          94.190         0.001          0.025
arain       0.000          119.869        0.107          0.753
evp         -0.095         1.467          0.073          0.097
ssrun       0.000          88.816         0.013          0.187
bgrun       0.000          11.489         0.022          0.028
snom        0.000          82.627         0.001          0.014
weasd       0.000          307.200        0.104          0.386
cnwat       0.000          0.500          0.064          0.138
soilm-10    2.000          47.600         22.268         3.582
soilm-40    6.000          142.800        69.590         8.165
soilm-100   12.000         269.830        131.110        19.047
soilm-200   20.000         476.000        230.344        30.792
tsoil-10    250.660        321.350        290.385        4.823
tsoil-40    258.620        310.060        290.018        1.972
tsoil-100   260.960        307.950        289.940        1.467
tsoil-200   262.720        306.620        289.739        1.162
evcw        0.000          953.000        6.570          22.556
trans       0.000          630.000        29.630         41.205
evbs        0.000          479.900        15.263         22.907
lai         0.060          6.000          2.952          0.121
veg         0.000          0.990          0.428          0.019
rsm-10      -0.155         1.000          0.397          0.097
rsm-40      -0.358         1.000          0.424          0.073
rsm-100     -0.358         0.957          0.386          0.086
rsm-200     -0.358         1.000          0.418          0.083
rsm-fc      -0.254         0.968          0.408          0.073
soilm-fc    53.310         901.020        453.311        54.082
windmag     0.000          24.094         4.082          1.855

gridstats_2012-1_2023-12_y098-195_x308-462
            min min        max max        mean mean      mean std
tmp         246.900        317.220        291.510        5.219
spfh        0.000          0.026          0.011          0.003
pres        83541.539      104475.422     99727.148      470.415
ugrd        -23.660        26.780         0.161          2.805
vgrd        -27.150        22.530         0.314          2.723
dlwrf       119.290        536.530        352.369        43.590
pevap       -0.707         2.395          0.215          0.248
apcp        0.000          117.757        0.147          0.856
dswrf       0.000          1368.543       205.833        263.171
asnow       0.000          55.496         0.001          0.016
arain       0.000          117.757        0.146          0.855
evp         -0.081         1.264          0.088          0.113
ssrun       0.000          87.016         0.014          0.175
bgrun       0.000          17.149         0.044          0.053
snom        0.000          32.710         0.001          0.010
weasd       0.000          109.594        0.035          0.229
cnwat       0.000          0.500          0.093          0.168
soilm-10    2.530          47.600         20.818         2.671
soilm-40    6.000          142.800        63.601         6.404
soilm-100   12.000         298.730        125.596        12.442
soilm-200   20.000         445.420        211.845        27.767
tsoil-10    254.010        317.590        290.580        4.260
tsoil-40    265.330        307.470        290.306        1.787
tsoil-100   271.850        305.430        290.334        1.323
tsoil-200   273.980        304.170        290.351        1.041
evcw        0.000          811.700        10.938         32.905
trans       0.000          560.000        38.973         54.347
evbs        0.000          602.200        12.589         17.221
lai         0.650          6.000          3.804          0.124
veg         0.000          0.990          0.559          0.018
rsm-10      0.005          1.000          0.420          0.070
rsm-40      -0.069         1.000          0.430          0.056
rsm-100     -0.358         1.056          0.423          0.054
rsm-200     -0.205         0.967          0.430          0.072
rsm-fc      -0.057         0.881          0.427          0.056
soilm-fc    53.810         836.390        421.861        42.771
windmag     0.000          28.527         3.707          1.774
