13848,5.007
13848,4.644
13848,4.622
13848,4.748
13848,4.620
13848,4.940
13848,4.637
13848,4.700
13848,4.678
13848,4.680
13848,4.943
13848,4.700
13848,4.646
13848,4.743
13848,4.954
13848,4.632
13848,4.612
13848,4.916
13848,5.369
13848,4.669
13848,4.703
13848,4.636
13848,4.645
13848,5.433
13848,4.686
13848,4.626
13848,4.748
13848,4.671
13848,5.362
13848,4.730
13848,4.634
13848,4.562
13848,4.694
13848,4.599
13848,4.605
13848,4.671
13848,4.651
13848,4.656
13848,4.608
13848,4.599
13848,4.607
13848,4.890
13848,5.048
13848,4.650
13848,4.587
13848,4.614
13848,4.765
13848,4.957
13848,4.627
13848,4.694
13848,4.645
13848,4.562
13848,4.596
13848,4.622
13848,4.569
13848,4.575
13848,4.626
13848,4.580
13848,4.767
13848,4.564
13848,4.588
13848,4.546
13848,4.545
13848,4.560
13848,4.642
13848,4.564
13848,4.544
13848,4.687
13848,4.987
13848,4.616
13848,4.620
13848,4.624
13848,4.580
13848,4.558
13848,4.546
13848,4.641
13848,4.911
13848,4.600
13848,5.269
13848,4.584
13848,4.540
13848,4.543
13848,4.801
13848,4.692
13848,4.561
13848,5.216
13848,4.598
13848,4.702
13848,4.567
13848,4.573
13848,4.636
13848,4.580
13848,4.542
13848,4.625
13848,4.578
13848,4.550
13848,4.634
13848,4.540
13848,4.586
13848,4.498
13848,4.648
13848,4.626
13848,4.875
13848,4.500
13848,4.604
13848,4.555
13848,4.668
13848,4.643
13848,4.625
13848,4.571
13848,4.699
13848,4.622
13848,4.560
13848,4.607
13848,4.520
13848,4.909
13848,4.820
13848,4.944
13848,4.770
13848,4.839
13848,4.543
13848,4.580
13848,4.641
13848,4.659
13848,4.569
13848,4.596
13848,4.547
13848,4.840
13848,4.699
13848,4.702
13848,4.501
13848,4.657
13848,4.552
13848,4.560
13848,4.486
13848,4.720
13848,4.564
13848,4.544
13848,4.598
13848,4.509
13848,4.960
13848,4.503
13848,4.599
13848,4.639
13848,4.597
13848,4.496
13848,4.506
13848,4.528
13848,4.873
13848,4.553
13848,4.800
13848,4.663
13848,4.596
13848,4.737
13848,4.549
13848,4.651
13848,4.593
13848,4.879
13848,4.773
13848,4.888
13848,4.529
13848,4.611
13848,4.570
13848,4.600
13848,4.781
13848,4.625
13848,4.625
13848,4.591
13848,4.573
13848,4.633
13848,4.526
13848,4.593
13848,4.573
13848,4.541
13848,4.570
13848,4.706
13848,4.569
13848,4.899
13848,4.680
13848,4.668
13848,4.708
13848,4.620
13848,4.552
13848,4.650
13848,4.652
13848,4.613
13848,4.594
13848,4.623
13848,4.769
13848,4.559
13848,4.614
13848,4.587
13848,4.526
13848,4.556
13848,4.539
13848,4.626
13848,4.598
13848,4.633
13848,4.512
13848,4.620
13848,4.557
13848,4.643
13848,4.562
13848,4.775
13848,4.519
13848,4.573
13848,4.700
13848,4.551
13848,4.943
13848,4.480
13848,4.531
13848,4.558
13848,4.737
13848,4.593
13848,4.857
13848,4.537
13848,4.670
13848,4.569
13848,4.619
13848,4.594
13848,4.552
13848,4.609
13848,4.551
13848,4.566
13848,4.640
13848,4.667
13848,4.571
13848,4.694
13848,4.553
13848,4.511
13848,4.522
13848,4.602
13848,4.632
13848,4.525
13848,4.852
13848,4.795
13848,4.548
13848,4.575
13848,4.913
13848,4.656
13848,4.816
13848,5.081
13848,4.851
13848,4.619
13848,4.578
13848,4.909
13848,4.600
13848,4.805
13848,4.567
13848,4.929
13848,4.625
13848,4.606
13848,4.863
13848,4.639
13848,4.607
13848,4.549
13848,4.589
13848,4.587
13848,4.538
13848,4.843
13848,4.543
13848,4.756
13848,5.171
13848,4.629
13848,4.544
13848,4.804
13848,4.619
13848,4.985
13848,4.835
13848,4.712
13848,4.899
13848,4.588
13848,4.892
13848,4.635
13848,4.583
13848,4.633
13848,4.640
13848,4.910
13848,4.612
13848,5.032
13848,4.839
13848,4.699
13848,4.629
13848,4.670
13848,4.586
13848,4.560
13848,4.653
13848,4.631
13848,4.685
13848,4.550
13848,4.576
13848,4.630
13848,4.629
13848,4.605
13848,4.617
13848,4.774
13848,4.859
13848,4.653
13848,4.548
13848,4.821
13848,4.618
13848,4.612
13848,4.659
13848,4.577
13848,4.620
13848,4.622
13848,4.649
13848,4.572
13848,4.959
13848,4.889
13509,4.636
13509,4.655
13509,4.524
13509,4.593
13509,4.551
13509,4.617
13509,4.696
13509,4.735
13509,4.502
13509,4.915
13509,4.526
13509,4.906
13509,4.658
13509,4.671
13509,4.878
13509,4.928
13509,4.525
13509,4.585
13509,4.733
13509,4.652
13509,4.709
13509,4.665
13509,4.539
13509,4.720
13509,5.011
13509,4.619
13509,4.826
13509,4.713
13509,4.575
13509,4.803
13509,4.627
13509,5.042
13509,5.071
13509,4.900
13509,4.635
13509,4.952
13509,4.811
13509,4.473
13509,4.789
13509,4.698
13509,4.711
13509,4.518
13509,4.651
13509,4.528
13509,4.929
13509,4.639
13509,4.702
13509,4.512
13509,4.615
13509,4.575
13509,4.701
13509,4.882
13509,4.591
13509,4.498
13509,4.487
13509,4.665
13509,4.571
13509,4.652
13509,4.582
13509,4.585
13509,4.612
13509,4.581
13509,4.649
13509,4.691
13509,4.527
13509,4.831
13509,4.528
13509,4.570
13509,4.587
13509,4.788
13509,4.589
13509,4.573
13509,4.556
13509,4.675
13509,4.620
13509,4.608
13509,4.521
13509,4.617
13509,4.526
13509,4.557
13509,4.689
13509,4.809
13509,4.769
13509,4.834
13509,4.718
13509,4.515
13509,4.846
13509,4.625
13509,4.669
13509,4.667
13509,4.485
13509,4.504
13509,4.611
13509,4.703
13509,4.611
13509,4.849
13509,4.967
13509,4.928
13509,4.670
13509,4.717
13509,4.749
13509,4.794
13509,4.590
13509,4.976
13509,4.697
13509,4.502
13509,4.875
13509,4.927
13509,4.925
13509,4.608
13509,4.987
13509,4.805
13509,4.836
13509,4.691
13509,4.786
13509,4.993
13509,4.588
13509,4.893
13509,4.682
13509,5.019
13509,4.756
13509,4.768
13509,4.608
13509,4.941
13509,4.858
13509,4.539
13509,4.973
13509,4.824
13509,4.766
13509,4.598
13509,4.833
13509,4.917
13509,5.094
13509,4.690
13509,5.083
13509,5.048
13509,4.980
13509,5.098
13509,4.751
13509,4.870
13509,4.810
13509,4.873
13509,4.707
13509,4.618
13509,4.530
13509,4.677
13509,4.669
13509,4.958
13509,5.050
13509,4.888
13509,4.711
13509,5.061
13509,5.076
13509,5.068
13509,4.731
13509,4.630
13509,4.683
13509,4.925
13509,4.798
13509,4.901
13509,4.645
13509,4.956
13509,4.643
13509,4.746
13509,4.771
13509,4.610
13509,4.738
13509,5.018
13509,4.855
13509,5.081
13509,4.657
13509,4.802
13509,4.906
13509,4.729
13509,4.675
13509,4.616
13509,4.694
13509,5.126
13509,4.952
13509,4.705
13509,4.602
13509,4.519
13509,4.734
13509,4.997
13509,4.484
13509,4.635
13509,4.613
13509,4.535
13509,4.845
13509,4.823
13509,4.594
13509,4.518
13509,4.614
13509,4.499
13509,4.810
13509,4.802
13509,4.839
13509,4.611
13509,4.712
13509,4.810
13509,4.924
13509,4.729
13509,4.897
13509,4.862
13509,4.756
13509,5.085
13509,4.813
13509,5.090
13509,5.011
13509,4.718
13509,4.832
13509,4.979
13509,5.136
13509,4.663
13509,4.927
13509,4.823
13509,4.935
13509,4.712
13509,4.554
13509,4.866
13509,4.624
13509,4.687
13509,4.662
13509,4.563
13509,4.834
13509,4.867
13509,4.504
13509,4.649
13509,4.555
13509,4.685
13509,4.962
13509,4.588
13509,4.747
13509,4.721
13509,4.801
13509,4.758
13509,4.652
13509,4.583
13509,4.614
13509,4.650
13509,4.930
13509,4.762
13509,4.966
13509,5.044
13509,5.248
13509,4.668
13509,4.729
13509,4.806
13509,4.829
13509,4.709
13509,4.824
13509,4.874
13509,5.107
13509,4.695
13509,4.571
13509,4.482
13509,4.626
13509,4.636
13509,4.612
13509,4.632
13509,4.614
13509,4.857
13509,5.013
13509,4.674
13509,4.619
13509,4.544
13509,4.593
13509,4.812
13509,4.810
13509,4.770
13509,4.849
13509,5.201
13509,4.912
13509,4.609
13509,4.981
13509,5.142
13509,4.961
13509,4.761
13509,4.747
13509,4.607
13509,4.949
13509,4.615
13509,4.804
13509,4.560
13509,4.701
13509,4.930
13509,5.183
13509,4.626
13509,4.859
13509,4.845
13509,4.950
13509,5.056
13509,4.739
13509,4.769
13509,5.019
13509,4.956
13509,4.812
13509,4.824
13509,4.725
13509,5.204
13509,5.151
13509,4.614
13509,4.902
13509,5.151
13509,4.842
13509,4.695
13509,4.778
13509,4.657
13509,4.854
13509,5.167
6420,4.340
6420,4.081
6420,4.065
6420,4.011
6420,3.975
6420,4.031
6420,4.002
6420,3.794
6420,3.954
6420,3.970
6420,4.006
6420,3.965
6420,3.943
6420,4.026
6420,4.009
6420,4.074
6420,3.981
6420,4.023
6420,4.019
6420,3.926
6420,3.988
6420,4.040
6420,3.962
6420,4.030
6420,4.134
6420,4.120
6420,4.107
6420,4.157
6420,4.144
6420,4.006
6420,4.091
6420,4.019
6420,4.111
6420,4.021
6420,4.137
6420,3.871
6420,4.058
6420,4.091
6420,4.068
6420,4.012
6420,4.100
6420,4.173
6420,3.767
6420,3.988
6420,4.046
6420,4.032
6420,4.079
6420,4.099
6420,4.065
6420,4.112
6420,4.075
6420,4.185
6420,4.139
6420,4.024
6420,4.045
6420,4.003
6420,4.060
6420,4.073
6420,4.118
6420,4.117
6420,4.095
6420,4.055
6420,4.088
6420,4.315
6420,4.077
6420,3.995
6420,3.936
6420,4.554
6420,4.111
6420,4.063
6420,4.013
6420,4.048
6420,4.031
6420,4.019
6420,4.053
6420,4.001
6420,4.018
6420,4.020
6420,4.116
6420,3.837
6420,4.113
6420,4.016
6420,4.160
6420,4.062
6420,4.066
6420,4.061
6420,4.028
6420,4.027
6420,4.032
6420,4.172
6420,4.043
6420,4.080
6420,4.092
6420,4.022
6420,4.065
6420,4.030
6420,3.990
6420,4.014
6420,3.971
6420,4.069
6420,4.074
6420,4.074
6420,3.995
6420,4.035
6420,4.006
6420,4.108
6420,4.101
6420,4.113
6420,4.085
6420,4.006
6420,3.980
6420,3.991
6420,3.937
6420,4.044
6420,4.063
6420,3.995
6420,4.096
6420,3.990
6420,3.936
6420,4.078
6420,4.009
6420,4.060
6420,4.040
6420,4.063
6420,4.006
6420,4.066
6420,4.035
6420,4.065
6420,4.037
6420,4.019
6420,3.992
6420,4.029
6420,4.067
6420,4.074
6420,4.021
6420,4.035
6420,4.004
6420,4.031
6420,3.981
6420,4.109
6420,4.080
6420,4.059
6420,3.993
6420,4.056
6420,4.161
6420,4.050
6420,4.101
6420,4.057
6420,4.024
6420,4.151
6420,4.064
6420,4.196
6420,4.026
6420,4.030
6420,4.167
6420,4.095
6420,4.051
6420,4.001
6420,4.025
6420,3.946
6420,3.727
6420,4.000
6420,4.042
6420,4.045
6420,4.150
6420,3.994
6420,4.172
6420,4.017
6420,3.788
6420,3.900
6420,4.047
6420,4.063
6420,4.022
6420,4.005
6420,4.093
6420,4.101
6420,4.232
6420,4.091
6420,4.166
6420,4.043
6420,4.127
6420,3.967
6420,4.006
6420,4.130
6420,4.163
6420,4.119
6420,4.016
6420,4.149
6420,3.981
6420,4.096
6420,3.975
6420,4.089
6420,4.113
6420,4.065
6420,4.084
6420,4.069
6420,4.173
6420,4.015
6420,4.048
6420,4.086
6420,4.084
6420,4.032
6420,4.075
6420,4.033
6420,4.035
6420,3.977
6420,4.021
6420,3.958
6420,4.079
6420,3.962
6420,4.002
6420,4.061
6420,4.061
6420,3.978
6420,4.089
6420,4.076
6420,4.060
6420,4.259
6420,4.006
6420,3.949
6420,3.978
6420,4.027
6420,4.152
6420,4.026
6420,4.012
6420,4.002
6420,3.948
6420,4.021
6420,4.067
6420,4.093
6420,4.118
6420,4.086
6420,4.068
6420,3.997
6420,4.042
6420,4.057
6420,4.101
6420,4.044
6420,3.980
6420,4.019
6420,3.999
6420,4.035
6420,4.042
6420,4.027
6420,4.058
6420,4.039
6420,4.081
6420,4.003
6420,4.020
6420,3.960
6420,4.028
6420,4.053
6420,4.011
6420,4.076
6420,4.011
6420,4.066
6420,4.023
6420,4.026
6420,4.097
6420,4.018
6420,4.006
6420,4.077
6420,3.947
6420,4.014
6420,4.047
6420,4.032
6420,4.015
6420,4.092
6420,4.094
6420,4.045
6420,4.003
6420,4.020
6420,3.995
6420,4.023
6420,4.111
6420,4.002
6420,4.003
6420,4.000
6420,3.959
6420,4.113
6420,3.720
6420,4.044
6420,4.020
6420,4.036
6420,3.980
6420,4.029
6420,4.125
6420,3.723
6420,4.006
6420,3.980
6420,3.989
6420,4.029
6420,3.955
6420,4.093
6420,4.092
6420,4.040
6420,4.016
6420,3.979
6420,4.050
6420,4.064
6420,4.078
6420,4.036
6420,4.047
6420,3.965
6420,3.949
6420,4.020
6420,3.995
6420,3.966
6420,3.988
6420,4.003
4767,3.577
4767,3.552
4767,3.553
4767,3.503
4767,3.553
4767,3.557
4767,3.591
4767,3.561
4767,3.552
4767,3.524
4767,3.535
4767,3.579
4767,3.561
4767,3.501
4767,3.515
4767,3.530
4767,3.578
4767,3.597
4767,3.529
4767,3.530
4767,3.561
4767,3.519
4767,3.524
4767,3.551
4767,3.630
4767,3.657
4767,3.535
4767,3.573
4767,3.536
4767,3.696
4767,3.564
4767,3.585
4767,3.555
4767,3.595
4767,3.540
4767,3.509
4767,3.510
4767,3.577
4767,3.591
4767,3.540
4767,3.563
4767,3.603
4767,3.543
4767,3.522
4767,3.525
4767,3.565
4767,3.582
4767,3.548
4767,3.544
4767,3.519
4767,3.590
4767,3.587
4767,3.533
4767,3.537
4767,3.544
4767,3.546
4767,3.579
4767,3.538
4767,3.542
4767,3.558
4767,3.563
4767,3.578
4767,3.573
4767,3.565
4767,3.592
4767,3.563
4767,3.509
4767,3.539
4767,3.541
4767,3.680
4767,3.567
4767,3.543
4767,3.544
4767,3.558
4767,3.526
4767,3.566
4767,3.504
4767,3.557
4767,3.579
4767,3.552
4767,3.517
4767,3.524
4767,3.570
4767,3.549
4767,3.614
4767,3.556
4767,3.527
4767,3.529
4767,3.592
4767,3.554
4767,3.644
4767,3.546
4767,3.555
4767,3.615
4767,3.504
4767,3.584
4767,3.566
4767,3.701
4767,3.568
4767,3.550
4767,3.568
4767,3.578
4767,3.538
4767,3.573
4767,3.517
4767,3.532
4767,3.545
4767,3.526
4767,3.460
4767,3.672
4767,3.586
4767,3.985
4767,3.548
4767,3.640
4767,3.572
4767,3.552
4767,3.533
4767,3.519
4767,3.585
4767,3.534
4767,3.577
4767,3.564
4767,3.562
4767,3.516
4767,3.582
4767,3.660
4767,3.546
4767,3.580
4767,3.542
4767,3.538
4767,3.531
4767,3.497
4767,3.542
4767,3.540
4767,3.597
4767,3.562
4767,3.582
4767,3.569
4767,3.566
4767,3.511
4767,3.582
4767,3.520
4767,3.541
4767,3.543
4767,3.613
4767,3.585
4767,3.571
4767,3.533
4767,3.590
4767,3.539
4767,3.547
4767,3.511
4767,3.524
4767,3.556
4767,3.600
4767,3.545
4767,3.664
4767,3.469
4767,3.630
4767,3.444
4767,3.640
4767,3.585
4767,3.685
4767,3.469
4767,3.567
4767,3.567
4767,3.486
4767,3.548
4767,3.552
4767,3.547
4767,3.528
4767,3.582
4767,3.528
4767,3.707
4767,3.584
4767,3.515
4767,3.567
4767,3.565
4767,3.548
4767,3.543
4767,3.573
4767,3.560
4767,3.554
4767,3.530
4767,3.554
4767,3.562
4767,3.509
4767,3.657
4767,3.580
4767,3.555
4767,3.576
4767,3.527
4767,3.593
4767,3.571
4767,3.574
4767,3.650
4767,3.727
4767,3.415
4767,3.573
4767,3.548
4767,3.556
4767,3.558
4767,3.565
4767,3.609
4767,3.547
4767,3.539
4767,3.529
4767,3.614
4767,3.575
4767,3.626
4767,3.555
4767,3.668
4767,3.532
4767,3.612
4767,3.521
4767,3.565
4767,3.536
4767,3.601
4767,3.575
4767,3.580
4767,3.563
4767,3.551
4767,3.657
4767,3.548
4767,3.582
4767,3.586
4767,3.559
4767,3.614
4767,3.532
4767,3.531
4767,3.572
4767,3.522
4767,3.617
4767,3.555
4767,3.655
4767,3.470
4767,3.643
4767,3.581
4767,3.586
4767,3.545
4767,3.584
4767,3.589
4767,3.553
4767,3.572
4767,3.549
4767,3.548
4767,3.549
4767,3.805
4767,3.536
4767,3.574
4767,3.932
4767,3.574
4767,3.534
4767,3.568
4767,3.541
4767,3.540
4767,3.591
4767,3.553
4767,3.576
4767,3.606
4767,3.570
4767,3.566
4767,3.533
4767,3.567
4767,3.533
4767,3.523
4767,3.638
4767,3.555
4767,3.585
4767,3.631
4767,3.568
4767,3.546
4767,3.529
4767,3.530
4767,3.593
4767,3.638
4767,3.887
4767,3.618
4767,3.544
4767,3.567
4767,3.552
4767,3.579
4767,3.546
4767,3.878
4767,3.608
4767,3.517
4767,3.565
4767,3.520
4767,3.568
4767,3.570
4767,3.566
4767,3.553
4767,3.533
4767,3.532
4767,3.576
4767,3.527
4767,3.557
4767,3.564
4767,3.578
4767,3.567
4767,3.528
4767,3.686
4767,3.531
4767,3.697
4767,3.614
4767,3.603
4767,3.518
4767,3.716
4767,3.592
4767,3.585
9907,4.591
9907,5.002
9907,4.770
9907,4.764
9907,4.240
9907,4.326
9907,4.621
9907,4.502
9907,4.317
9907,4.762
9907,4.566
9907,4.679
9907,4.512
9907,4.513
9907,4.669
9907,4.600
9907,4.597
9907,4.503
9907,4.176
9907,4.668
9907,4.599
9907,4.614
9907,4.742
9907,5.313
9907,4.507
9907,4.682
9907,4.635
9907,4.644
9907,4.792
9907,4.614
9907,4.598
9907,4.303
9907,4.240
9907,4.651
9907,4.642
9907,4.742
9907,4.598
9907,4.731
9907,4.628
9907,4.605
9907,4.620
9907,4.242
9907,4.716
9907,4.625
9907,4.579
9907,4.631
9907,4.917
9907,5.166
9907,4.725
9907,4.285
9907,4.690
9907,4.587
9907,4.646
9907,4.650
9907,4.528
9907,4.633
9907,4.491
9907,4.121
9907,4.694
9907,4.624
9907,4.492
9907,4.648
9907,4.128
9907,4.676
9907,4.266
9907,4.516
9907,4.680
9907,4.645
9907,4.481
9907,4.697
9907,4.571
9907,4.570
9907,4.550
9907,4.589
9907,4.564
9907,4.065
9907,4.797
9907,4.626
9907,4.662
9907,4.472
9907,4.675
9907,4.564
9907,4.560
9907,4.389
9907,4.620
9907,4.626
9907,4.625
9907,4.445
9907,4.701
9907,4.539
9907,4.757
9907,4.708
9907,4.582
9907,4.776
9907,4.648
9907,4.451
9907,4.150
9907,4.650
9907,4.681
9907,4.123
9907,4.533
9907,4.636
9907,4.657
9907,4.588
9907,4.975
9907,4.640
9907,4.604
9907,4.772
9907,4.746
9907,4.606
9907,4.588
9907,4.787
9907,4.676
9907,4.584
9907,4.636
9907,4.722
9907,4.718
9907,4.689
9907,4.672
9907,4.658
9907,4.674
9907,4.532
9907,4.591
9907,5.251
9907,4.545
9907,4.543
9907,4.730
9907,4.652
9907,4.609
9907,4.606
9907,4.577
9907,4.543
9907,4.728
9907,4.674
9907,4.924
9907,4.677
9907,4.667
9907,4.650
9907,4.690
9907,4.506
9907,4.659
9907,4.592
9907,4.657
9907,4.565
9907,4.673
9907,4.656
9907,4.611
9907,4.661
9907,4.339
9907,4.678
9907,4.709
9907,4.719
9907,4.622
9907,4.631
9907,4.757
9907,4.449
9907,4.768
9907,4.512
9907,4.617
9907,4.545
9907,4.550
9907,4.708
9907,4.690
9907,4.642
9907,4.663
9907,4.555
9907,4.572
9907,4.793
9907,4.192
9907,4.731
9907,4.245
9907,4.481
9907,5.147
9907,4.640
9907,4.666
9907,4.718
9907,4.535
9907,4.616
9907,4.572
9907,4.641
9907,4.611
9907,4.563
9907,4.609
9907,4.612
9907,4.600
9907,4.526
9907,4.671
9907,4.512
9907,4.692
9907,5.129
9907,4.613
9907,4.596
9907,5.295
9907,4.675
9907,4.459
9907,4.750
9907,4.529
9907,4.329
9907,4.530
9907,4.617
9907,4.753
9907,4.579
9907,5.304
9907,5.163
9907,4.718
9907,5.262
9907,4.603
9907,4.586
9907,4.649
9907,4.684
9907,4.629
9907,4.605
9907,4.716
9907,4.681
9907,4.735
9907,4.598
9907,4.571
9907,4.776
9907,4.644
9907,4.549
9907,5.113
9907,4.594
9907,4.511
9907,4.573
9907,4.552
9907,4.577
9907,4.618
9907,4.382
9907,4.719
9907,4.637
9907,4.691
9907,4.598
9907,4.749
9907,4.781
9907,4.630
9907,4.173
9907,4.615
9907,4.576
9907,4.744
9907,4.650
9907,4.218
9907,4.578
9907,4.562
9907,4.606
9907,4.592
9907,4.807
9907,4.672
9907,4.872
9907,4.687
9907,4.634
9907,4.674
9907,4.528
9907,4.590
9907,4.665
9907,4.444
9907,4.645
9907,4.520
9907,4.762
9907,4.707
9907,4.631
9907,4.701
9907,4.672
9907,4.637
9907,4.566
9907,4.162
9907,4.674
9907,4.670
9907,5.233
9907,4.619
9907,4.679
9907,4.278
9907,4.651
9907,4.743
9907,4.594
9907,4.648
9907,4.605
9907,4.595
9907,4.625
9907,5.519
9907,4.670
9907,4.529
9907,4.681
9907,4.630
9907,4.545
9907,4.565
9907,4.551
9907,4.728
9907,4.647
9907,4.332
9907,4.670
9907,4.709
9907,4.714
9907,4.752
9907,4.562
9907,4.693
9907,4.652
9907,4.545
9907,4.608
9907,4.586
9907,4.614
9907,4.544
9907,4.624
9907,4.574
9907,4.601
9907,4.606
9907,4.627
9907,4.541
9907,4.673
9907,4.755
9907,4.607
4005,3.463
4005,3.479
4005,3.440
4005,3.447
4005,3.467
4005,3.470
4005,3.486
4005,3.441
4005,3.433
4005,3.454
4005,3.491
4005,3.447
4005,3.460
4005,3.474
4005,3.447
4005,3.521
4005,3.490
4005,3.460
4005,3.461
4005,3.506
4005,3.519
4005,3.413
4005,3.480
4005,3.404
4005,3.478
4005,3.487
4005,3.497
4005,3.478
4005,3.446
4005,3.447
4005,3.452
4005,3.416
4005,3.455
4005,3.543
4005,3.507
4005,3.490
4005,3.437
4005,3.476
4005,3.455
4005,3.501
4005,3.447
4005,3.706
4005,3.437
4005,3.507
4005,3.430
4005,3.487
4005,3.473
4005,3.502
4005,3.446
4005,3.472
4005,3.463
4005,3.595
4005,3.475
4005,3.444
4005,3.531
4005,3.447
4005,3.471
4005,3.503
4005,3.447
4005,3.500
4005,3.482
4005,3.516
4005,3.428
4005,3.504
4005,3.479
4005,3.457
4005,3.446
4005,3.437
4005,3.511
4005,3.531
4005,3.472
4005,3.489
4005,3.485
4005,3.478
4005,3.432
4005,3.435
4005,3.483
4005,3.471
4005,3.472
4005,3.483
4005,3.485
4005,3.468
4005,3.481
4005,3.460
4005,3.460
4005,3.472
4005,3.502
4005,3.474
4005,3.444
4005,3.443
4005,3.447
4005,3.455
4005,3.483
4005,3.456
4005,3.449
4005,3.452
4005,3.448
4005,3.521
4005,3.436
4005,3.458
4005,3.427
4005,3.480
4005,3.449
4005,3.504
4005,3.470
4005,3.467
4005,3.509
4005,3.468
4005,3.493
4005,3.420
4005,3.534
4005,3.578
4005,3.301
4005,3.459
4005,3.460
4005,3.478
4005,3.444
4005,3.506
4005,3.449
4005,3.478
4005,3.491
4005,3.517
4005,3.474
4005,3.466
4005,3.544
4005,3.423
4005,3.471
4005,3.413
4005,3.442
4005,3.450
4005,3.451
4005,3.486
4005,3.451
4005,3.521
4005,3.504
4005,3.479
4005,3.502
4005,3.450
4005,3.485
4005,3.453
4005,3.475
4005,3.492
4005,3.490
4005,3.489
4005,3.472
4005,3.515
4005,3.485
4005,3.451
4005,3.468
4005,3.463
4005,3.481
4005,3.448
4005,3.468
4005,3.457
4005,3.469
4005,3.490
4005,3.520
4005,3.499
4005,3.451
4005,3.473
4005,3.459
4005,3.473
4005,3.530
4005,3.520
4005,3.420
4005,3.769
4005,3.424
4005,3.540
4005,3.476
4005,3.498
4005,3.464
4005,3.469
4005,3.496
4005,3.510
4005,3.500
4005,3.477
4005,3.472
4005,3.486
4005,3.451
4005,3.456
4005,3.473
4005,3.496
4005,3.484
4005,3.621
4005,3.523
4005,3.472
4005,3.437
4005,3.491
4005,3.525
4005,3.487
4005,3.469
4005,3.489
4005,3.450
4005,3.494
4005,3.459
4005,3.522
4005,3.499
4005,3.494
4005,3.633
4005,3.478
4005,3.430
4005,3.501
4005,3.493
4005,3.430
4005,3.490
4005,3.490
4005,3.470
4005,3.493
4005,3.492
4005,3.563
4005,3.451
4005,3.475
4005,3.525
4005,3.480
4005,3.476
4005,3.519
4005,3.503
4005,3.492
4005,3.589
4005,3.586
4005,3.502
4005,3.498
4005,3.469
4005,3.473
4005,3.460
4005,3.482
4005,3.455
4005,3.494
4005,3.481
4005,3.451
4005,3.482
4005,3.494
4005,3.458
4005,3.463
4005,3.483
4005,3.483
4005,3.474
4005,3.462
4005,3.476
4005,3.569
4005,3.438
4005,3.480
4005,3.475
4005,3.479
4005,3.527
4005,3.463
4005,3.493
4005,3.452
4005,3.462
4005,3.506
4005,3.469
4005,3.506
4005,3.482
4005,3.458
4005,3.521
4005,3.468
4005,3.451
4005,3.496
4005,3.453
4005,3.482
4005,3.500
4005,3.486
4005,3.419
4005,3.449
4005,3.499
4005,3.477
4005,3.480
4005,3.523
4005,3.540
4005,3.472
4005,3.440
4005,3.461
4005,3.475
4005,3.519
4005,3.501
4005,3.492
4005,3.480
4005,3.578
4005,3.468
4005,3.568
4005,3.489
4005,3.456
4005,3.481
4005,3.497
4005,3.447
4005,3.482
4005,3.468
4005,3.480
4005,3.477
4005,3.511
4005,3.467
4005,3.448
4005,3.438
4005,3.477
4005,3.484
4005,3.490
4005,3.467
4005,3.544
4005,3.486
4005,3.471
4005,3.554
4005,3.509
4005,3.462
4005,3.503
4005,3.486
4005,3.504
4005,3.431
4005,3.517
4005,3.496
4005,3.455
